129
20
110
42
39
120
182
56
42
29
120
90
25
65
36
87
73
115
21
10
209
96
123
38
1
96
27
119
31
32
147
153
32
33
28
184
73
116
63
15
115
66
83
47
3
20
29
20
61
3
87
128
59
64
15
84
30
118
58
8
16
136
116
60
2
208
36
126
60
0
53
104
2
70
24
53
40
4
67
11
57
120
4
42
45
10
186
2
30
1
30
61
112
68
44
253
12
5
16
20
154
78
17
47
45
143
151
2
20
4
129
161
24
70
35
244
10
36
61
10
166
15
105
50
20
26
171
108
39
45
55
88
67
0
43
181
60
92
44
16
135
187
5
70
4
45
46
83
41
12
118
43
54
58
15
118
192
21
45
13
207
149
13
52
21
56
197
6
43
13
120
95
27
17
41
256
179
11
68
9
123
169
63
66
19
40
192
15
29
13
209
0
76
0
7
176
34
38
70
20
158
130
32
3
17
12
37
127
19
27
253
160
11
40
33
183
134
73
5
17
27
156
3
7
43
86
1
79
66
0
227
168
103
70
42
209
73
103
56
21
74
28
107
64
11
66
55
110
69
3
178
51
77
64
41
184
128
88
59
38
120
46
84
70
39
133
164
21
66
10
150
48
61
64
1
122
57
121
33
29
195
174
115
66
1
184
109
64
65
4
193
55
93
66
1
12
72
13
7
34
141
49
66
29
17
236
127
124
12
19
62
197
109
20
1
238
197
111
39
1
13
182
106
70
15
114
186
11
46
34
201
47
52
66
4
168
80
25
46
41
127
25
56
68
38
160
23
44
39
3
209
177
12
43
2
76
0
73
53
33
63
99
128
65
33
222
55
110
44
15
18
35
115
69
44
98
158
105
63
6
50
70
34
52
33
243
90
62
32
4
252
74
116
65
22
229
80
49
70
16
204
127
45
40
15
188
178
65
50
28
72
120
34
34
17
255
48
123
34
4
127
12
21
26
3
252
197
3
42
39
237
25
46
20
42
3
91
103
65
6
194
145
42
2
25
50
59
21
55
9
138
5
90
70
21
10
52
60
17
28
139
167
49
61
24
202
113
100
25
5
112
100
40
59
22
167
2
89
0
36
93
120
125
50
15
213
183
31
52
5
143
86
84
32
8
140
142
124
46
6
146
159
17
70
21
3
173
33
42
0
106
200
111
65
26
122
168
131
49
9
58
36
133
62
0
246
45
120
68
44
208
96
59
29
30
118
132
133
55
25
74
100
25
59
6
150
33
47
25
24
114
98
4
40
26
107
177
49
60
12
38
74
112
34
18
55
177
59
67
41
168
88
106
39
14
147
176
45
38
25
72
151
104
61
43
141
118
15
64
26
247
34
40
44
13
171
99
75
43
43
148
198
48
28
16
86
75
76
35
1
71
5
111
64
0
182
17
39
69
9
133
75
81
57
19
0
90
30
70
21
167
196
47
22
36
181
60
39
70
0
89
199
14
6
1
205
55
92
70
12
148
99
37
52
1
27
156
74
64
23
16
118
0
55
15
208
21
115
69
18
112
146
20
70
8
202
100
8
70
36
177
199
39
69
1
188
161
40
36
45
39
109
4
15
14
187
189
114
61
43
14
68
64
41
22
78
87
31
52
16
114
69
63
35
29
8
30
11
35
39
180
91
129
20
43
177
5
34
49
33
119
65
112
14
6
124
2
47
23
8
196
75
65
67
20
101
139
95
32
0
240
153
128
50
5
72
62
51
50
33
106
90
19
50
18
133
33
52
41
31
136
35
11
60
32
79
40
92
64
20
112
200
99
64
13
203
51
0
63
22
225
169
5
67
26
214
176
101
68
0
144
49
75
60
43
96
136
62
54
37
75
163
0
64
21
249
49
44
63
30
99
101
123
69
26
17
125
71
66
44
62
120
22
3
45
138
185
59
28
42
29
76
117
62
6
204
99
67
69
42
131
138
66
47
36
198
104
84
58
17
161
115
21
64
39
157
80
37
23
6
255
166
105
52
1
108
128
119
46
20
89
116
45
48
3
211
160
61
70
43
161
74
73
42
0
247
123
56
64
34
46
150
113
27
39
67
179
60
18
10
115
103
133
62
45
184
64
14
56
7
149
171
32
61
11
160
84
63
7
6
239
88
59
64
3
125
113
84
5
32
130
74
123
36
31
217
88
3
46
16
130
144
132
6
31
177
168
103
35
36
134
102
104
70
30
183
73
3
69
14
195
1
0
135
19
254
139
96
56
24
136
175
19
57
44
252
156
131
69
4
117
121
62
65
39
133
0
15
46
28
210
