0.10000 10.00000 
0.10000 10.00000 
0.18516 5.40075 
0.20715 4.82749 
0.25141 4.39444 
0.28770 3.47587 
0.30467 3.28222 
0.32578 3.06953 
0.34474 2.90070 
0.36316 2.75362 
0.37587 2.66051 
0.38232 2.61559 
0.40376 2.47673 
0.40490 2.46977 
0.40700 2.45702 
0.41922 2.38537 
0.46486 2.15119 
0.47152 2.12081 
0.53080 1.96935 
0.53386 1.87316 
0.53834 1.85757 
0.54958 1.81956 
0.55899 1.78894 
0.55959 1.78701 
0.57216 1.74775 
0.57943 1.72583 
0.60177 1.66175 
0.62849 1.59112 
0.63613 1.57199 
0.64552 1.54914 
0.64577 1.54854 
0.64833 1.54243 
0.64977 1.53901 
0.65823 1.51924 
1.00000 1.00000 
1.00000 1.00000 
1.00000 1.00000 
1.00000 1.00000 
1.00000 1.00000 
1.00000 1.00000 
1.00000 1.00000 
1.00000 1.00000 
1.00000 1.00000 
1.00000 1.00000 
1.00000 1.00000 
1.00000 1.00000 
1.00000 1.00000 
1.00000 1.00000 
1.00000 1.00000 
1.00000 1.00000 
1.00000 1.00000 
1.00000 1.00000 
1.00000 1.00000 
1.00000 1.00000 
1.00000 1.00000 
1.00000 1.00000 
1.00000 1.00000 
1.00000 1.00000 
1.00000 1.00000 
1.00000 1.00000 
1.00000 1.00000 
1.00000 1.00000 
1.00000 1.00000 
1.00000 1.00000 
1.00000 1.00000 
1.00000 1.00000 
0.66509 1.50355 
0.98981 1.01029 
0.67026 1.49196 
0.67266 1.48663 
0.67782 1.47532 
0.97771 1.02280 
0.97664 1.02392 
0.97413 1.02656 
0.97123 1.02962 
0.68756 1.45441 
0.69219 1.44468 
0.69630 1.43617 
0.95209 1.05032 
0.70821 1.41202 
0.94033 1.06345 
0.93624 1.06810 
0.92568 1.08029 
0.92565 1.08032 
0.91839 1.08886 
0.91784 1.08952 
0.72994 1.36998 
0.73151 1.36703 
0.91261 1.09576 
0.90294 1.10749 
0.75179 1.33016 
0.88016 1.13616 
0.87876 1.13796 
0.76708 1.30365 
0.87218 1.14655 
0.87117 1.14788 
0.86379 1.15769 
0.85931 1.16372 
0.78025 1.28165 
0.85202 1.17368 
0.78644 1.27155 
0.78769 1.26953 
0.84291 1.18637 
0.79415 1.25921 
0.84114 1.18886 
0.79933 1.25105 
0.80424 1.24341 
0.82747 1.20850 
0.82501 1.21210 
0.81556 1.22616 
0.81788 1.22267 
0.81673 1.22439 
0.10000 10.10128 
0.23924 4.60696 
0.28403 4.15741 
0.28493 3.73002 
0.34760 3.45509 
0.34885 3.11497 
0.35429 3.01324 
0.37462 2.89129 
0.44105 2.33593 
0.47894 2.26836 
0.63238 1.59495 
1.00000 1.00177 
0.67284 1.51407 
0.95704 1.05039 
0.95439 1.09904 
0.70714 1.44460 
0.89992 1.12506 
0.75079 1.37219 
0.75707 1.33125 
0.83068 1.24488 
0.24630 5.21092 
0.33578 3.90561 
0.36377 3.31248 
0.48240 2.33945 
0.48921 2.29740 
0.53031 2.18022 
0.58249 1.97934 
0.63328 1.80346 
1.00000 1.01814 
0.96858 1.08863 
0.70887 1.51338 
0.92510 1.10771 
0.74697 1.49680 
0.76084 1.34658 
0.80248 1.30354 
0.37883 3.35217 
0.40554 3.09328 
0.41468 3.05746 
0.45807 2.59117 
0.46640 2.53060 
0.48716 2.43530 
0.60505 1.84878 
0.93962 1.18372 
0.77092 1.36088 
0.81221 1.34672 
0.10000 12.57135 
0.39123 3.67732 
0.44557 3.07475 
0.47484 2.65541 
0.52787 2.49196 
0.53340 2.45803 
0.61000 1.93592 
0.62644 1.86451 
0.71857 1.71797 
0.91811 1.23840 
0.91648 1.25771 
0.74918 1.61149 
0.87979 1.32179 
0.77800 1.45465 
0.52690 2.68316 
1.00000 1.02117 
0.67717 1.85428 
0.97753 1.14540 
0.94882 1.28201 
0.89526 1.34711 
0.75494 1.64075 
0.77882 1.50093 
0.63422 2.05838 
0.63908 1.99342 
0.65875 1.95568 
1.00000 1.02183 
0.70096 1.78317 
0.83674 1.40970 
0.81615 1.50391 
0.86746 1.45614 
0.88818 1.42013 
0.70636 1.80099 
0.69389 1.95950 
1.00000 1.02335 
0.66621 2.11607 
0.64595 2.13796 
0.81871 1.65175 
0.85678 1.51160 
0.82257 1.81884 
0.83686 1.76056 
0.86985 1.47399 
0.86139 1.69050 
0.76372 1.84486 
0.89881 1.43705 
0.90295 1.44776 
0.92833 1.68191 
0.95761 1.60610 
0.99215 1.53644 
1.00000 1.29465 
1.00000 1.32319 
1.00000 1.32356 
1.00000 1.27729 
1.00000 1.34237 
1.00000 1.35696 
1.00000 1.35945 
1.00000 1.25129 
1.00000 1.38206 
1.00000 1.23234 
1.00000 1.38701 
1.00000 1.21749 
1.00000 1.20857 
1.00000 1.19467 
1.00000 1.19389 
1.00000 1.42710 
1.00000 1.18406 
1.00000 1.17330 
1.00000 1.17156 
1.00000 1.15233 
1.00000 1.13930 
1.00000 1.50236 
1.00000 1.10601 
1.00000 1.02350 
1.00000 1.09751 
1.00000 1.05895 
1.00000 1.05830 
1.00000 1.05467 
1.00000 1.04993 
1.00000 1.04901 
1.00000 1.04127 
1.00000 1.03949 
1.00000 1.02429 
1.00000 1.62852 
1.00000 1.78060 

0.68236 1.79930 
0.79061 1.46442 
1.00000 1.00000 
0.89233 1.12067 
0.58186 1.77561 
0.95442 1.04775 
1.00000 1.04305 
0.77433 1.60594 
0.65596 1.52448 
1.00000 1.12135 
0.53081 2.12540 
0.32059 3.11924 
0.86644 1.15415 
1.00000 1.00000 
0.36260 2.75789 
0.86899 1.15076 
1.00000 1.00000 
0.80460 1.59244 
0.63269 1.87003 
0.84239 1.18709 
1.00000 1.00000 
0.38729 2.66578 
0.21928 5.36411 
0.72303 1.43605 
1.00000 1.00000 
0.93549 1.06896 
0.84285 1.39926 
0.99529 1.00474 
1.00000 1.00000 
0.88283 1.14287 
0.30356 3.29422 
0.86810 1.58522 
0.94841 1.13846 
0.88335 1.20563 
0.72351 1.38215 
0.49101 2.26789 
1.00000 1.01964 
0.46378 2.15618 
1.00000 1.22808 
1.00000 1.46482 

0.63991 1.70068 
0.68433 1.56520 
0.97324 1.02749 
0.92085 1.08596 
1.00000 1.17145 
0.78940 1.66014 
0.90789 1.20362 
1.00000 1.00000 
0.79601 1.25627 
0.46558 2.14786 
1.00000 1.15502 
0.79240 1.27092 
0.27573 3.73430 
1.00000 1.50206 
1.00000 1.06797 
0.50764 2.10896 
1.00000 1.10057 
0.75551 1.32361 
1.00000 1.15326 
0.76917 1.44580 
1.00000 1.28272 
0.95112 1.05139 
0.74043 1.35056 
1.00000 1.24604 
0.67734 1.73362 
0.19711 5.07327 
0.62077 1.61091 
0.81230 1.23107 
0.38889 2.66272 
1.00000 1.50869 

1.00000 1.10911 
0.86474 1.15642 
0.90726 1.10223 
1.00000 1.00000 
0.41741 2.42712 
0.99307 1.10950 
0.53416 1.87210 
0.68187 1.46654 
0.70887 1.41069 
0.70257 1.42335 
0.76187 1.69055 
0.88547 1.18736 
0.31676 3.15697 
0.63076 1.58539 
0.85675 1.16720 
1.00000 1.27413 
1.00000 1.19124 
0.59957 1.66785 
0.80599 1.36000 
0.92466 1.10337 
0.92563 1.08035 
0.82880 1.30705 
0.82875 1.36807 
0.73385 1.77648 

0.71053 1.54052 
0.21200 4.71702 
0.97746 1.03702 
1.00000 1.11481 
1.00000 1.36326 
1.00000 1.15534 
0.45330 2.20602 
1.00000 1.00000 
0.67324 1.70307 
0.72515 1.66021 
0.81945 1.54632 
1.00000 1.20917 
0.68596 2.25509 
0.52504 2.50231 
0.73265 1.36491 
0.95849 1.04331 
0.31979 4.34108 
0.99500 1.10713 
0.72233 1.74594 
1.00000 1.00000 
0.93361 1.07111 
0.86505 1.15600 
0.98787 1.15999 
0.69677 1.77349 

1.00000 1.00000 
1.00000 1.05900 
0.93491 1.06962 
0.19529 5.12049 
0.10000 10.00000 
0.85561 1.16876 
0.92074 1.08608 
0.75303 1.32796 
0.90247 1.69915 
0.26120 4.62852 
1.00000 1.26080 
1.00000 1.00000 
1.00000 1.31982 
1.00000 1.00000 
0.58997 1.81369 
0.79087 1.59531 
1.00000 1.33717 

0.73104 1.36792 
1.00000 1.25068 
1.00000 1.05529 
0.83340 1.61232 
1.00000 1.11081 
0.85984 1.57070 
1.00000 1.00000 
0.41083 2.43409 
0.80433 1.78430 
0.10000 10.00000 
0.41470 2.41141 
0.86236 1.15961 
0.85303 1.19704 
0.10000 10.60015 
1.00000 1.27059 

0.46308 2.15947 
0.77319 1.29335 
0.40851 2.44791 
0.80358 1.24444 
0.78963 1.53112 
0.54009 2.61589 
1.00000 1.00000 
0.87847 1.55420 
1.00000 1.00000 
0.91294 1.14576 
0.58814 1.70029 

0.24336 5.45045 
0.99458 1.49187 
0.28401 3.65617 
1.00000 1.00000 
1.00000 1.51995 
0.28085 3.71288 
0.41445 2.41286 
0.43458 2.34882 
1.00000 1.15127 
1.00000 1.00000 
0.53161 2.08738 

0.41796 2.47703 
0.46378 2.33070 
0.23751 5.07287 
1.00000 1.04257 
1.00000 1.00000 
0.72286 1.38339 
0.88736 1.12694 
0.75142 1.42918 

0.60722 2.05581 
0.72425 1.94828 
0.55347 2.21006 
0.81308 1.49216 
0.90393 1.25665 
0.66161 1.86527 
1.00000 1.07891 

0.40830 2.44920 
0.81470 1.22744 
0.60523 1.70915 
1.00000 1.01969 

1.00000 1.00000 

1.00000 1.00000 

1.00000 1.00000 

1.00000 1.02727 

1.00000 1.16086 

0.82634 1.21015 

0.56664 1.77066 

1.00000 1.00000 

0.60229 1.71414 

1.00000 1.32896 

0.57830 1.72920 

0.95968 1.23246 

0.43093 2.32057 

0.69900 1.43062 

0.49994 2.15670 

0.63376 1.57789 

0.78220 1.27845 

0.66533 1.85318 

1.00000 1.34759 

0.73607 1.87832 

0.90881 1.10034 

0.10000 11.05384 

0.66708 1.49907 

0.29902 4.38044 

0.49543 2.01846 

1.00000 1.00000 

0.97014 1.13589 

0.47271 2.11546 

0.91394 1.32969 

0.84951 1.38051 

1.00000 1.00000 

0.40971 2.44073 

0.60774 1.64545 

0.22986 4.45625 

0.83017 1.20457 

0.67318 1.48548 

0.80356 1.80627 

1.00000 1.00000 

0.65859 1.51841 

1.00000 1.00000 

1.00000 1.00000 

0.56178 1.78005 

0.85965 1.16326 

1.00000 1.00000 

1.00000 1.00000 

0.44135 2.26578 

1.00000 1.00000 

0.79797 1.67515 

0.92932 1.07606 

1.00000 1.00000 

0.86604 1.15468 

0.79582 1.36364 

1.00000 1.30885 

1.00000 1.09479 

1.00000 1.00000 

0.99577 1.00425 

0.73026 1.36937 

0.39504 2.53138 

1.00000 1.00000 

1.00000 1.00000 

0.70034 1.42787 

0.78332 1.98581 

0.54521 1.83417 

0.39336 3.01682 

0.65455 1.95974 

0.91891 1.08825 

1.00000 1.00000 

0.64500 2.35751 

0.96043 1.11698 

