0.10000 0.00000 
0.10000 0.00000 
0.18516 0.00000 
0.20715 0.00000 
0.25141 0.10479 
0.28770 0.00000 
0.30467 0.00000 
0.32578 0.00000 
0.34474 0.00000 
0.36316 0.00000 
0.37587 0.00000 
0.38232 0.00000 
0.40376 0.00000 
0.40490 0.00000 
0.40700 0.00000 
0.41922 0.00000 
0.46486 0.00000 
0.47152 0.00000 
0.53080 0.04533 
0.53386 0.00000 
0.53834 0.00000 
0.54958 0.00000 
0.55899 0.00000 
0.55959 0.00000 
0.57216 0.00000 
0.57943 0.00000 
0.60177 0.00000 
0.62849 0.00000 
0.63613 0.00000 
0.64552 0.00000 
0.64577 0.00000 
0.64833 0.00000 
0.64977 0.00000 
0.65823 0.00000 
1.00000 0.00000 
1.00000 0.00000 
1.00000 0.00000 
1.00000 0.00000 
1.00000 0.00000 
1.00000 0.00000 
1.00000 0.00000 
1.00000 0.00000 
1.00000 0.00000 
1.00000 0.00000 
1.00000 0.00000 
1.00000 0.00000 
1.00000 0.00000 
1.00000 0.00000 
1.00000 0.00000 
1.00000 0.00000 
1.00000 0.00000 
1.00000 0.00000 
1.00000 0.00000 
1.00000 0.00000 
1.00000 0.00000 
1.00000 0.00000 
1.00000 0.00000 
1.00000 0.00000 
1.00000 0.00000 
1.00000 0.00000 
1.00000 0.00000 
1.00000 0.00000 
1.00000 0.00000 
1.00000 0.00000 
1.00000 0.00000 
1.00000 0.00000 
0.66509 0.00000 
0.98981 0.00000 
0.67026 0.00000 
0.67266 0.00000 
0.67782 0.00000 
0.97771 0.00000 
0.97664 0.00000 
0.97413 0.00000 
0.97123 0.00000 
0.68756 0.00000 
0.69219 0.00000 
0.69630 0.00000 
0.95209 0.00000 
0.70821 0.00000 
0.94033 0.00000 
0.93624 0.00000 
0.92568 0.00000 
0.92565 0.00000 
0.91839 0.00000 
0.91784 0.00000 
0.72994 0.00000 
0.73151 0.00000 
0.91261 0.00000 
0.90294 0.00000 
0.75179 0.00000 
0.88016 0.00000 
0.87876 0.00000 
0.76708 0.00000 
0.87218 0.00000 
0.87117 0.00000 
0.86379 0.00000 
0.85931 0.00000 
0.78025 0.00000 
0.85202 0.00000 
0.78644 0.00000 
0.78769 0.00000 
0.84291 0.00000 
0.79415 0.00000 
0.84114 0.00000 
0.79933 0.00000 
0.80424 0.00000 
0.82747 0.00000 
0.82501 0.00000 
0.81556 0.00000 
0.81788 0.00000 
0.81673 0.00000 
0.10000 0.01013 
0.23924 0.10219 
0.28403 0.18083 
0.28493 0.06280 
0.34760 0.20099 
0.34885 0.08664 
0.35429 0.06757 
0.37462 0.08314 
0.44105 0.03028 
0.47894 0.08641 
0.63238 0.00861 
1.00000 0.00177 
0.67284 0.01872 
0.95704 0.00526 
0.95439 0.04892 
0.70714 0.02153 
0.89992 0.01246 
0.75079 0.03022 
0.75707 0.00784 
0.83068 0.03409 
0.24630 0.28347 
0.33578 0.31144 
0.36377 0.20499 
0.48240 0.12855 
0.48921 0.12390 
0.53031 0.15620 
0.58249 0.15294 
0.63328 0.14209 
1.00000 0.01814 
0.96858 0.05442 
0.70887 0.07279 
0.92510 0.02474 
0.74697 0.11806 
0.76084 0.02453 
0.80248 0.04606 
0.37883 0.26991 
0.40554 0.25444 
0.41468 0.26787 
0.45807 0.18693 
0.46640 0.18028 
0.48716 0.18638 
0.60505 0.11860 
0.93962 0.11225 
0.77092 0.04913 
0.81221 0.09383 
0.10000 0.25713 
0.39123 0.43869 
0.44557 0.37002 
0.47484 0.26090 
0.52787 0.31542 
0.53340 0.31111 
0.61000 0.18091 
0.62644 0.16801 
0.71857 0.23448 
0.91811 0.13699 
0.91648 0.15267 
0.74918 0.20729 
0.87979 0.16289 
0.77800 0.13172 
0.52690 0.41376 
1.00000 0.02117 
0.67717 0.25566 
0.97753 0.11966 
0.94882 0.21640 
0.89526 0.20601 
0.75494 0.23867 
0.77882 0.16895 
0.63422 0.30546 
0.63908 0.27395 
0.65875 0.28830 
1.00000 0.02183 
0.70096 0.24993 
0.83674 0.17955 
0.81615 0.22741 
0.86746 0.26315 
0.88818 0.26133 
0.70636 0.27215 
0.69389 0.35967 
1.00000 0.02335 
0.66621 0.40975 
0.64595 0.38102 
0.81871 0.35229 
0.85678 0.29511 
0.82257 0.49613 
0.83686 0.47335 
0.86985 0.28216 
0.86139 0.45617 
0.76372 0.40896 
0.89881 0.29164 
0.90295 0.30725 
0.92833 0.56137 
0.95761 0.53802 
0.99215 0.52437 
1.00000 0.29465 
1.00000 0.32319 
1.00000 0.32356 
1.00000 0.27729 
1.00000 0.34237 
1.00000 0.35696 
1.00000 0.35945 
1.00000 0.25129 
1.00000 0.38206 
1.00000 0.23234 
1.00000 0.38701 
1.00000 0.21749 
1.00000 0.20857 
1.00000 0.19467 
1.00000 0.19389 
1.00000 0.42710 
1.00000 0.18406 
1.00000 0.17330 
1.00000 0.17156 
1.00000 0.15233 
1.00000 0.13930 
1.00000 0.50236 
1.00000 0.10601 
1.00000 0.02350 
1.00000 0.09751 
1.00000 0.05895 
1.00000 0.05830 
1.00000 0.05467 
1.00000 0.04993 
1.00000 0.04901 
1.00000 0.04127 
1.00000 0.03949 
1.00000 0.02429 
1.00000 0.62852 
1.00000 0.78060 

0.68236 0.22777 
0.79061 0.15779 
1.00000 0.00000 
0.89233 0.00000 
0.58186 0.03315 
0.95442 0.00000 
1.00000 0.04305 
0.77433 0.24352 
0.65596 0.00000 
1.00000 0.12135 
0.53081 0.12818 
0.32059 0.00000 
0.86644 0.00000 
1.00000 0.00000 
0.36260 0.00000 
0.86899 0.00000 
1.00000 0.00000 
0.80460 0.28127 
0.63269 0.18315 
0.84239 0.00000 
1.00000 0.00000 
0.38729 0.03243 
0.21928 0.17622 
0.72303 0.03832 
1.00000 0.00000 
0.93549 0.00000 
0.84285 0.17937 
0.99529 0.00000 
1.00000 0.00000 
0.88283 0.00896 
0.30356 0.00000 
0.86810 0.37612 
0.94841 0.07973 
0.88335 0.06499 
0.72351 0.00000 
0.49101 0.11356 
1.00000 0.01964 
0.46378 0.00000 
1.00000 0.22808 
1.00000 0.46482 

0.63991 0.08828 
0.68433 0.07112 
0.97324 0.00000 
0.92085 0.00000 
1.00000 0.17145 
0.78940 0.31050 
0.90789 0.09275 
1.00000 0.00000 
0.79601 0.00000 
0.46558 0.00000 
1.00000 0.15502 
0.79240 0.00707 
0.27573 0.02966 
1.00000 0.50206 
1.00000 0.06797 
0.50764 0.07058 
1.00000 0.10057 
0.75551 0.00000 
1.00000 0.15326 
0.76917 0.11207 
1.00000 0.28272 
0.95112 0.00000 
0.74043 0.00000 
1.00000 0.24604 
0.67734 0.17425 
0.19711 0.00000 
0.62077 0.00000 
0.81230 0.00000 
0.38889 0.03550 
1.00000 0.50869 

1.00000 0.10911 
0.86474 0.00000 
0.90726 0.00000 
1.00000 0.00000 
0.41741 0.01311 
0.99307 0.10181 
0.53416 0.00000 
0.68187 0.00000 
0.70887 0.00000 
0.70257 0.00000 
0.76187 0.28798 
0.88547 0.05137 
0.31676 0.00000 
0.63076 0.00000 
0.85675 0.00000 
1.00000 0.27413 
1.00000 0.19124 
0.59957 0.00000 
0.80599 0.09614 
0.92466 0.02024 
0.92563 0.00000 
0.82880 0.08327 
0.82875 0.13380 
0.73385 0.30367 

0.71053 0.09458 
0.21200 0.00000 
0.97746 0.01365 
1.00000 0.11481 
1.00000 0.36326 
1.00000 0.15534 
0.45330 0.00000 
1.00000 0.00000 
0.67324 0.14657 
0.72515 0.20390 
0.81945 0.26714 
1.00000 0.20917 
0.68596 0.54691 
0.52504 0.31382 
0.73265 0.00000 
0.95849 0.00000 
0.31979 0.38825 
0.99500 0.10160 
0.72233 0.26114 
1.00000 0.00000 
0.93361 0.00000 
0.86505 0.00000 
0.98787 0.14592 
0.69677 0.23571 

1.00000 0.00000 
1.00000 0.05900 
0.93491 0.00000 
0.19529 0.00000 
0.10000 0.00000 
0.85561 0.00000 
0.92074 0.00000 
0.75303 0.00000 
0.90247 0.53343 
0.26120 0.20895 
1.00000 0.26080 
1.00000 0.00000 
1.00000 0.31982 
1.00000 0.00000 
0.58997 0.07001 
0.79087 0.26169 
1.00000 0.33717 

0.73104 0.00000 
1.00000 0.25068 
1.00000 0.05529 
0.83340 0.34372 
1.00000 0.11081 
0.85984 0.35055 
1.00000 0.00000 
0.41083 0.00000 
0.80433 0.43516 
0.10000 0.00000 
0.41470 0.00000 
0.86236 0.00000 
0.85303 0.02111 
0.10000 0.06002 
1.00000 0.27059 

0.46308 0.00000 
0.77319 0.00000 
0.40851 0.00000 
0.80358 0.00000 
0.78963 0.20902 
0.54009 0.41281 
1.00000 0.00000 
0.87847 0.36531 
1.00000 0.00000 
0.91294 0.04601 
0.58814 0.00000 

0.24336 0.32643 
0.99458 0.48379 
0.28401 0.03840 
1.00000 0.00000 
1.00000 0.51995 
0.28085 0.04276 
0.41445 0.00000 
0.43458 0.02074 
1.00000 0.15127 
1.00000 0.00000 
0.53161 0.10967 

0.41796 0.03531 
0.46378 0.08092 
0.23751 0.20485 
1.00000 0.04257 
1.00000 0.00000 
0.72286 0.00000 
0.88736 0.00000 
0.75142 0.07392 

0.60722 0.24834 
0.72425 0.41105 
0.55347 0.22321 
0.81308 0.21325 
0.90393 0.13592 
0.66161 0.23409 
1.00000 0.07891 

0.40830 0.00000 
0.81470 0.00000 
0.60523 0.03442 
1.00000 0.01969 

1.00000 0.00000 

1.00000 0.00000 

1.00000 0.00000 

1.00000 0.02727 

1.00000 0.16086 

0.82634 0.00000 

0.56664 0.00332 

1.00000 0.00000 

0.60229 0.03241 

1.00000 0.32896 

0.57830 0.00000 

0.95968 0.18276 

0.43093 0.00000 

0.69900 0.00000 

0.49994 0.07821 

0.63376 0.00000 

0.78220 0.00000 

0.66533 0.23298 

1.00000 0.34759 

0.73607 0.38257 

0.90881 0.00000 

0.10000 0.10538 

0.66708 0.00000 

0.29902 0.30984 

0.49543 0.00000 

1.00000 0.00000 

0.97014 0.10197 

0.47271 0.00000 

0.91394 0.21526 

0.84951 0.17275 

1.00000 0.00000 

0.40971 0.00000 

0.60774 0.00000 

0.22986 0.02430 

0.83017 0.00000 

0.67318 0.00000 

0.80356 0.45145 

1.00000 0.00000 

0.65859 0.00000 

1.00000 0.00000 

1.00000 0.00000 

0.56178 0.00000 

0.85965 0.00000 

1.00000 0.00000 

1.00000 0.00000 

0.44135 0.00000 

1.00000 0.00000 

0.79797 0.33673 

0.92932 0.00000 

1.00000 0.00000 

0.86604 0.00000 

0.79582 0.08521 

1.00000 0.30885 

1.00000 0.09479 

1.00000 0.00000 

0.99577 0.00000 

0.73026 0.00000 

0.39504 0.00000 

1.00000 0.00000 

1.00000 0.00000 

0.70034 0.00000 

0.78332 0.55553 

0.54521 0.00000 

0.39336 0.18668 

0.65455 0.28275 

0.91891 0.00000 

1.00000 0.00000 

0.64500 0.52060 

0.96043 0.07278 

