1.00000 0.00000 
1.00000 0.00000 
0.99943 0.00000 
0.97069 0.00122 
0.95789 0.00049 
0.10000 0.00000 
0.10000 0.00000 
0.93755 0.00000 
0.10135 0.00137 
0.91351 0.00190 
0.10313 0.00089 
0.89049 0.00000 
0.10426 0.00000 
0.87858 0.00025 
0.86656 0.00198 
0.10688 0.00144 
0.85003 0.00069 
0.10782 0.00101 
0.82388 0.00000 
0.82360 0.00110 
0.10927 0.00070 
0.11063 0.00254 
0.79842 0.00039 
0.11191 0.00075 
0.79004 0.00120 
0.11325 0.00000 
0.77457 0.00000 
0.75941 0.00000 
0.11610 0.00123 
0.74751 0.00103 
0.11762 0.00000 
0.72250 0.00220 
0.11954 0.00018 
0.69064 0.00008 
0.67102 0.00000 
0.12530 0.00161 
0.65648 0.00096 
0.64823 0.00172 
0.12725 0.00000 
0.63339 0.00228 
0.12797 0.00000 
0.61517 0.00037 
0.12997 0.00168 
0.59527 0.00285 
0.13288 0.00343 
0.57447 0.00126 
0.13469 0.00136 
0.54059 0.00166 
0.13673 0.00000 
0.53377 0.00104 
0.52524 0.00083 
0.13920 0.00217 
0.14062 0.00000 
0.49567 0.00079 
0.14296 0.00167 
0.48260 0.00211 
0.14537 0.00179 
0.45831 0.00000 
0.14625 0.00000 
0.42675 0.00000 
0.14942 0.00134 
0.41732 0.00090 
0.40624 0.00088 
0.39944 0.00000 
0.38823 0.00330 
0.38041 0.00185 
0.36804 0.00008 
0.36452 0.00000 
0.35563 0.00000 
0.34915 0.00009 
0.15741 0.00074 
0.33622 0.00000 
0.33041 0.00096 
0.32144 0.00100 
0.31485 0.00001 
0.29403 0.00448 
0.28924 0.00067 
0.16668 0.00145 
0.28250 0.00111 
0.27434 0.00064 
0.16974 0.00144 
0.27073 0.00032 
0.26287 0.00001 
0.17381 0.00070 
0.25957 0.00000 
0.17749 0.00067 
0.17986 0.00262 
0.25435 0.00293 
0.25102 0.00181 
0.18459 0.00000 
0.24589 0.00155 
0.24112 0.00337 
0.19180 0.00088 
0.23137 0.00000 
0.20516 0.00241 
0.20621 0.00000 
0.22820 0.00015 
0.22093 0.00138 
0.21166 0.00000 
0.22519 0.00203 

