1.00000 1.00000 
1.00000 1.00000 
0.99943 1.00057 
0.97069 1.03145 
0.95789 1.04448 
0.10000 10.00000 
0.10000 10.00000 
0.93755 1.06661 
0.10135 9.88035 
0.91351 1.09676 
0.10313 9.70469 
0.89049 1.12298 
0.10426 9.59114 
0.87858 1.13848 
0.86656 1.15628 
0.10688 9.36983 
0.85003 1.17724 
0.10782 9.28403 
0.82388 1.21377 
0.82360 1.21552 
0.10927 9.15813 
0.11063 9.06223 
0.79842 1.25297 
0.11191 8.94207 
0.79004 1.26729 
0.11325 8.82997 
0.77457 1.29104 
0.75941 1.31682 
0.11610 8.62369 
0.74751 1.33916 
0.11762 8.50175 
0.72250 1.38713 
0.11954 8.36671 
0.69064 1.44806 
0.67102 1.49026 
0.12530 7.99376 
0.65648 1.52473 
0.64823 1.54531 
0.12725 7.85850 
0.63339 1.58241 
0.12797 7.81463 
0.61517 1.62617 
0.12997 7.70685 
0.59527 1.68471 
0.13288 7.55132 
0.57447 1.74292 
0.13469 7.43478 
0.54059 1.85290 
0.13673 7.31393 
0.53377 1.87539 
0.52524 1.90545 
0.13920 7.19926 
0.14062 7.11123 
0.49567 2.01905 
0.14296 7.00641 
0.48260 2.07648 
0.14537 6.89127 
0.45831 2.18194 
0.14625 6.83741 
0.42675 2.34329 
0.14942 6.70165 
0.41732 2.39837 
0.40624 2.46380 
0.39944 2.50349 
0.38823 2.58431 
0.38041 2.63361 
0.36804 2.71732 
0.36452 2.74332 
0.35563 2.81194 
0.34915 2.86433 
0.15741 6.35739 
0.33622 2.97420 
0.33041 3.02944 
0.32144 3.11407 
0.31485 3.17617 
0.29403 3.41624 
0.28924 3.45972 
0.16668 6.00825 
0.28250 3.54370 
0.27434 3.64751 
0.16974 5.89986 
0.27073 3.69487 
0.26287 3.80425 
0.17381 5.75729 
0.25957 3.85249 
0.17749 5.63781 
0.17986 5.57454 
0.25435 3.94312 
0.25102 3.99099 
0.18459 5.41751 
0.24589 4.07307 
0.24112 4.16132 
0.19180 5.21838 
0.23137 4.32202 
0.20516 4.88598 
0.20621 4.84952 
0.22820 4.38278 
0.22093 4.53252 
0.21166 4.72445 
0.22519 4.44975 

