Elman.
Iteration 695
Fitness: 0.009678481933350594 Vector: 3.34359 0.27776 -0.75471 -0.59530 -1.38146 2.58961 2.91385 3.09304 -2.46297 1.65426 -0.85955 -0.02554 -1.44401 -0.49796 -1.08860 1.01093 0.00000 4.63037 3.52857 1.71208 -3.22949 -1.89883 0.74827 -1.62033 0.21682 -0.79289 2.33001 -1.60852 -1.57346 1.78509 1.97250 -0.73871 -0.27054 -0.01921 -2.30302 -2.83067 -0.81681 2.26242 2.85819 -0.22166 1.58909 1.23411 0.03914 0.47701 -0.82692 4.51273 1.82917 -0.94122 -2.39126 -2.50608 -5.33755 0.23636 2.04354 -0.21943 1.14475 0.38845 -0.81132 -0.63943 -1.88267 -1.46043 -0.97414 -0.31377 1.99430 -0.24726 -0.33573 -2.36339 3.04146 -0.51936 -1.89315 

TDNN
Iteration 1000
Fitness: 0.009890126766242641 Vector: 2.34185 1.20449 1.57948 1.69010 1.43076 2.30354 -1.50375 -2.04769 1.95463 1.81407 -0.51350 0.60706 0.85694 -0.00385 2.27981 1.77187 0.48219 1.58573 -0.14084 -0.00546 -0.29830 -1.21369 -1.35791 0.28997 -0.53557 1.40258 -1.96657 -0.53959 2.93205 -0.19657 -12.88965 16.05651 -1.36804 22.61918 5.98116 3.19904 0.94941 2.31185 -2.15453 1.18301 0.29591 -2.35740 -0.35651 0.00331 -1.11919 1.43568 0.97593 -0.60502 -1.95884 -1.83395 1.91159 -0.46775 2.00100 -3.12431 -0.84658 3.24402 -1.03215 -3.46385 2.53900 0.47934 2.41575 2.03320 0.83279 -1.32713 1.94008 -0.96473 2.95095 1.31430 -1.35625 -0.02619 -1.64725 -1.39275 -1.37020 2.29478 -0.68853 -1.89496 0.30726 -2.16732 -1.47082 0.00000 -0.00384 -1.82363 1.38133 2.01738 -0.04026 -0.50147 -0.43510 -0.66958 -0.00805 0.46706 -0.98608 -1.00121 1.18876 0.48312 1.23867 0.75618 -1.48744 -0.76039 -0.91908 0.82765 -1.43110 

LongRun
StartTime: 3:35:42
EndTime: 3.54:58

Result:

Final:
Iteration 2000
Fitness: 0.0035319611114107245 Vector: -6.89698 -0.43470 -3.16843 2.73248 1.19616 0.29481 0.32501 3.88368 4.63482 1.85487 4.87025 -0.32691 -0.66519 -2.60806 3.87728 -0.85652 5.18796 -1.19502 6.86283 29.64906 0.00000 9.15145 -5.17596 -0.00945 2.39114 27.01654 -112.64610 -17.41785 -72.29032 14.48833 -20.49412 -20.89156 -10.08509 -6.66175 -14.61333 6.94932 1.23844 1.40379 0.48121 0.84313 -1.67219 -1.87420 0.80629 -7.55635 -9.04448 4.46804 -3.09072 -3.49662 -51.07997 -19.06616 14.09753 -1.52275 -35.08686 -3.12341 -0.55357 4.38495 -3.34075 4.06238 -4.64068 0.98565 -2.50693 1.66079 0.93709 3.83442 0.42470 -0.80961 10.02505 -0.76397 -0.78998 -4.57698 -3.23371 -3.82791 0.09926 0.74261 3.97094 10.16683 -1.52821 24.51142 0.82507 2.07788 0.00000 3.59430 1.87223 -4.47031 11.68895 -0.03100 -24.68056 -1.47728 2.16587 -14.16359 -0.39465 -1.45426 2.48099 -2.58452 -2.31959 0.61310 1.52035 -1.54039 -1.42323 0.76832 -2.77981 

Constants:
	public static final int DATA_SIZE = 600;
	public static final double MIN_INIT_VAL = -1;
	public static final double MAX_INIT_VAL = 1;
	public static final double MUTATE_CROSSOVER_PROBABILITY = 1;
	public static final double F = 2; //Fe[0,2]
	public static final double F_OSCILATIONS = 0.001; //Original: 0.001

InputArguments:
src/data/laserGeneratedData.txt tdnn-8x10x1 100 0.001 2000